function mpc = Solution1
%SOLUTION1

%% MATPOWER Case Format : Version 2
mpc.version = '2';

%%-----  Power Flow Data  -----%%
%% system MVA base
mpc.baseMVA = 100;

%% bus data
%	bus_i	type	Pd	Qd	Gs	Bs	area	Vm	Va	baseKV	zone	Vmax	Vmin	lam_P	lam_Q	mu_Vmax	mu_Vmin
mpc.bus = [
	1	3	0	0	0	0	1	1.09505879	0	100	2	1.1	0.9	7.6620	0.0000	0.3534	0.0000;
	2	2	16.8107012	11.00486	0	0	1	1.09089713	-0.618965137	100	2	1.1	0.9	7.7174	0.0000	0.1297	0.0000;
	3	2	80.6618895	22.2494368	0	0	1	1.06489742	-5.35697862	100	2	1.1	0.9	8.1024	0.0000	0.0000	0.0000;
	4	1	51.2353131	-3.56688794	0	0	1	1.06928081	-2.81703691	100	2	1.1	0.9	7.9052	0.0296	0.0000	0.0000;
	5	1	7.1251291	2.06001615	0	0	1	1.0728712	-1.54534492	100	2	1.1	0.9	7.7733	0.0519	0.0000	0.0000;
	6	2	10.9827833	5.44991708	0	0	1	1.09999841	2.56160547	100	2	1.1	0.9	7.5804	-0.0001	62.9457	0.0000;
	7	1	0	0	0	0	1	1.08850508	-3.1990852	100	2	1.1	0.9	8.0111	0.0041	0.0000	0.0000;
	8	2	0	0	0	0	1	1.09979244	-3.17212162	100	2	1.1	0.9	8.0111	0.0000	2.5159	0.0000;
	9	1	24.6838057	15.8249858	0	19	1	1.07893632	-3.41991132	100	2	1.1	0.9	8.0674	-0.0075	0.0000	0.0000;
	10	1	8.82165655	5.55372651	0	0	1	1.07388282	-2.6444022	100	2	1.1	0.9	8.0384	0.0225	0.0000	0.0000;
	11	1	3.84630233	1.45320338	0	0	1	1.08155028	-0.21825674	100	2	1.1	0.9	7.8503	0.0297	0.0000	0.0000;
	12	1	5.64341563	1.74133085	0	0	1	1.0865336	1.47424122	100	2	1.1	0.9	7.6962	0.0418	0.0000	0.0000;
	13	1	11.6656733	5.28130269	0	0	1	1.08006882	1.04000425	100	2	1.1	0.9	7.7809	0.0584	0.0000	0.0000;
	14	1	13.0513021	4.52761968	0	0	1	1.06272039	-2.30577957	100	2	1.1	0.9	8.0851	0.0750	0.0000	0.0000;
];

%% generator data
%	bus	Pg	Qg	Qmax	Qmin	Vg	mBase	status	Pmax	Pmin	Pc1	Pc2	Qc1min	Qc1max	Qc2min	Qc2max	ramp_agc	ramp_10	ramp_30	ramp_q	apf	mu_Pmax	mu_Pmin	mu_Qmax	mu_Qmin
mpc.gen = [
	1	37.964961	1.71447946	76.0611456	-132.202157	1.09505879	100	1	245.445087	37.9649607	0	0	0	0	0	0	0	0	0	0	0	0.0000	338.8338	0.0000	0.0000;
	2	84.6422336	17.4058656	36.1668178	-76.9812485	1.09089713	100	1	157.502556	48.1482664	0	0	0	0	0	0	0	0	0	0	0	0.0000	0.0000	0.0000	0.0000;
	3	5.80178897	26.8125951	48.5122518	-0.879330419	1.06489742	100	1	82.499862	5.80178827	0	0	0	0	0	0	0	0	0	0	0	0.0000	136.2210	0.0000	0.0000;
	6	110.503237	-12.815651	19.4713687	-19.1130246	1.09999841	100	1	110.503276	11.4610935	0	0	0	0	0	0	0	0	0	0	0	2.3225	0.0000	0.0000	0.0000;
	8	0.319829223	7.04658362	19.2372826	-8.03365315	1.09979244	100	1	80.1447805	0.31982867	0	0	0	0	0	0	0	0	0	0	0	0.0000	174.3842	0.0000	0.0000;
];

%% branch data
%	fbus	tbus	r	x	b	rateA	rateB	rateC	ratio	angle	status	angmin	angmax	Pf	Qf	Pt	Qt	mu_Sf	mu_St	mu_angmin	mu_angmax
mpc.branch = [
	1	2	0.01938	0.05917	0.0528	141.6	188.4	188.4	0	0	1	-360	360	22.0100	-2.5549	-21.9317	-3.5134	0.0000	0.0000	0.0000	0.0000;
	1	5	0.05403	0.22304	0.0492	51.6	68.4	68.4	0	0	1	-360	360	15.9544	4.2702	-15.8162	-9.4813	0.0000	0.0000	0.0000	0.0000;
	2	3	0.04699	0.19797	0.0438	210	280.8	280.8	0	0	1	-360	360	49.5545	1.9637	-48.5766	-2.9336	0.0000	0.0000	0.0000	0.0000;
	2	4	0.05811	0.17632	0.034	109.2	145.2	145.2	0	0	1	-360	360	27.0084	2.9366	-26.6402	-5.7862	0.0000	0.0000	0.0000	0.0000;
	2	5	0.05695	0.17388	0.0346	73.2	98.4	98.4	0	0	1	-360	360	13.1994	5.0152	-13.0921	-8.7377	0.0000	0.0000	0.0000	0.0000;
	3	4	0.06701	0.17103	0.0128	122.4	162	162	0	0	1	-360	360	-26.2828	7.4967	26.7309	-7.8104	0.0000	0.0000	0.0000	0.0000;
	4	5	0.01335	0.04211	0	458.4	610.8	610.8	0	0	1	-360	360	-57.3726	9.7428	57.7680	-8.4955	0.0000	0.0000	0.0000	0.0000;
	6	11	0.09498	0.1989	0	175.2	232.8	232.8	0	0	1	-360	360	27.8635	-2.3991	-27.2495	3.6848	0.0000	0.0000	0.0000	0.0000;
	6	12	0.12291	0.25581	0	51.6	68.4	68.4	0	0	1	-360	360	9.4964	1.3113	-9.4030	-1.1170	0.0000	0.0000	0.0000	0.0000;
	6	13	0.06615	0.13027	0	176.4	235.2	235.2	0	0	1	-360	360	26.1764	3.8580	-25.7936	-3.1042	0.0000	0.0000	0.0000	0.0000;
	7	8	0	0.17615	0	56.4	75.6	75.6	0	0	1	-360	360	-0.3198	-6.9749	0.3198	7.0473	0.0000	0.0000	0.0000	0.0000;
	7	9	0	0.11001	0	124.8	166.8	166.8	0	0	1	-360	360	4.1145	9.4758	-4.1145	-9.3767	0.0000	0.0000	0.0000	0.0000;
	9	10	0.03181	0.0845	0	255.6	340.8	340.8	0	0	1	-360	360	-14.0861	11.8809	14.1789	-11.6344	0.0000	0.0000	0.0000	0.0000;
	9	14	0.12711	0.27038	0	48	63.6	63.6	0	0	1	-360	360	-4.2309	8.5400	4.3301	-8.3291	0.0000	0.0000	0.0000	0.0000;
	10	11	0.08205	0.19207	0	156	208.8	208.8	0	0	1	-360	360	-23.0006	6.0807	23.4033	-5.1380	0.0000	0.0000	0.0000	0.0000;
	12	13	0.22092	0.19988	0	38.4	50.4	50.4	0	0	1	-360	360	3.7596	-0.6243	-3.7324	0.6489	0.0000	0.0000	0.0000	0.0000;
	13	14	0.17093	0.34802	0	85.2	114	114	0	0	1	-360	360	17.8604	-2.8260	-17.3813	3.8014	0.0000	0.0000	0.0000	0.0000;
	4	7	0	0.20912	0	41	55	55	0.978	0	1	-360	360	3.7947	2.5374	-3.7947	-2.5010	0.0000	0.0000	0.0000	0.0000;
	4	9	0	0.55618	0	24	31	31	0.969	0	1	-360	360	2.2524	4.8832	-2.2524	-4.7511	0.0000	0.0000	0.0000	0.0000;
	5	6	0	0.25202	0	116	154	154	0.932	0	1	-360	360	-35.9843	24.6544	35.9843	-21.0358	0.0000	0.0000	0.0000	0.0000;
];

%%-----  OPF Data  -----%%
%% generator cost data
%	1	startup	shutdown	n	x1	y1	...	xn	yn
%	2	startup	shutdown	n	c(n-1)	...	c0
mpc.gencost = [
	1	0	0	10	37.9649607	9706.86274	61.018308	17694.7514	84.0716553	27895.9313	107.125003	40310.4024	130.17835	54938.1646	153.231697	71779.2181	176.285045	90833.5627	199.338392	112101.199	222.391739	135582.126	245.445087	161276.344;
	1	0	0	10	48.1482664	353.162815	60.298743	435.02362	72.4492197	520.863409	84.5996964	610.682183	96.750173	704.479941	108.90065	802.256684	121.051126	904.012411	133.201603	1009.74712	145.35208	1119.46082	157.502556	1233.1535;
	1	0	0	10	5.80178827	3409.77768	14.3237965	4639.70192	22.8458047	5876.74931	31.3678129	7120.91984	39.8898211	8372.21352	48.4118293	9630.63035	56.9338375	10896.1703	65.4558456	12168.8335	73.9778538	13448.6197	82.499862	14735.5291;
	1	0	0	10	11.4610935	148.906998	22.4657804	203.163029	33.4704673	257.869865	44.4751542	313.027508	55.4798411	368.635956	66.484528	424.695211	77.4892149	481.205271	88.4939018	538.166138	99.4985887	595.57781	110.503276	653.440288;
	1	0	0	10	0.31982867	295.865088	9.18926776	1913.6085	18.0587069	3842.03083	26.9281459	6081.13206	35.797585	8630.91221	44.6670241	11491.3713	53.5364632	14662.5092	62.4059023	18144.3261	71.2753414	21936.8219	80.1447805	26039.9966;
];

%% bus names
mpc.bus_name = {
	'BUS-1       ';
	'BUS-2       ';
	'BUS-3       ';
	'BUS-4       ';
	'BUS-5       ';
	'BUS-6       ';
	'BUS-7       ';
	'BUS-8       ';
	'BUS-9       ';
	'BUS-10      ';
	'BUS-11      ';
	'BUS-12      ';
	'BUS-13      ';
	'BUS-14      ';
};
