function mpc = Solution2
%SOLUTION2

%% MATPOWER Case Format : Version 2
mpc.version = '2';

%%-----  Power Flow Data  -----%%
%% system MVA base
mpc.baseMVA = 100;

%% bus data
%	bus_i	type	Pd	Qd	Gs	Bs	area	Vm	Va	baseKV	zone	Vmax	Vmin
mpc.bus = [
	1	3	0	0	0	0	1	1.06	0	100	2	1.1	0.9;
	2	2	16.8107012	11.00486	0	0	1	1.045	-4.32584205	100	2	1.1	0.9;
	3	2	80.6618895	22.2494368	0	0	1	1.01	-11.1188269	100	2	1.1	0.9;
	4	1	51.2353131	-3.56688794	0	0	1	1.01877244	-9.3464401	100	2	1.1	0.9;
	5	1	7.1251291	2.06001615	0	0	1	1.02079139	-7.91168163	100	2	1.1	0.9;
	6	2	10.9827833	5.44991708	0	0	1	1.07	-12.806592	100	2	1.1	0.9;
	7	1	0	0	0	0	1	1.06285297	-12.0726779	100	2	1.1	0.9;
	8	2	0	0	0	0	1	1.09	-12.0726779	100	2	1.1	0.9;
	9	1	24.6838057	15.8249858	0	19	1	1.05797356	-13.4843827	100	2	1.1	0.9;
	10	1	8.82165655	5.55372651	0	0	1	1.05296933	-13.6562421	100	2	1.1	0.9;
	11	1	3.84630233	1.45320338	0	0	1	1.05811078	-13.3890178	100	2	1.1	0.9;
	12	1	5.64341563	1.74133085	0	0	1	1.03087508	-14.3404405	100	2	1.1	0.9;
	13	1	11.6656733	5.28130269	0	0	1	1.04637028	-13.9456149	100	2	1.1	0.9;
	14	1	13.0513021	4.52761968	0	0	1	1.03700751	-14.5554497	100	2	1.1	0.9;
];

%% generator data
%	bus	Pg	Qg	Qmax	Qmin	Vg	mBase	status	Pmax	Pmin	Pc1	Pc2	Qc1min	Qc1max	Qc2min	Qc2max	ramp_agc	ramp_10	ramp_30	ramp_q	apf	mu_Pmax	mu_Pmin	mu_Qmax	mu_Qmin
mpc.gen = [
	1	205.448205	-11.7311623	76.0611456	-132.202157	1.06	100	1	245.445087	37.9649607	0	0	0	0	0	0	0	0	0	0	0	0.0000	0.0000	0.0000	0.0000;
	2	40	34.7852507	36.1668178	-76.9812485	1.045	100	1	157.502556	48.1482664	0	0	0	0	0	0	0	0	0	0	0	0.0000	0.0000	0.0000	0.0000;
	3	0	22.2501722	48.5122518	-0.879330419	1.01	100	1	82.499862	5.80178827	0	0	0	0	0	0	0	0	0	0	0	0.0000	0.0000	0.0000	0.0000;
	6	0	8.06743761	19.4713687	-19.1130246	1.07	100	1	110.503276	11.4610935	0	0	0	0	0	0	0	0	0	0	0	0.0000	0.0000	0.0000	0.0000;
	8	0	16.7983301	19.2372826	-8.03365315	1.09	100	1	80.1447805	0.31982867	0	0	0	0	0	0	0	0	0	0	0	0.0000	0.0000	0.0000	0.0000;
];

%% branch data
%	fbus	tbus	r	x	b	rateA	rateB	rateC	ratio	angle	status	angmin	angmax	Pf	Qf	Pt	Qt
mpc.branch = [
	1	2	0.01938	0.05917	0.0528	141.6	188.4	188.4	0	0	1	-360	360	137.0525	-15.6504	-133.7849	19.7774;
	1	5	0.05403	0.22304	0.0492	51.6	68.4	68.4	0	0	1	-360	360	68.3957	3.9192	-66.1248	0.1280;
	2	3	0.04699	0.19797	0.0438	210	280.8	280.8	0	0	1	-360	360	64.6896	4.4714	-62.8687	-1.4252;
	2	4	0.05811	0.17632	0.034	109.2	145.2	145.2	0	0	1	-360	360	52.9734	-1.4540	-51.4800	2.3643;
	2	5	0.05695	0.17388	0.0346	73.2	98.4	98.4	0	0	1	-360	360	39.3113	0.9856	-38.5010	-2.2036;
	3	4	0.06701	0.17103	0.0128	122.4	162	162	0	0	1	-360	360	-17.7932	1.4259	18.0040	-2.2050;
	4	5	0.01335	0.04211	0	458.4	610.8	610.8	0	0	1	-360	360	-57.3725	14.0784	57.8214	-12.6625;
	6	11	0.09498	0.1989	0	175.2	232.8	232.8	0	0	1	-360	360	7.2103	2.9822	-7.1597	-2.8765;
	6	12	0.12291	0.25581	0	51.6	68.4	68.4	0	0	0	-360	360	0.0000	0.0000	0.0000	0.0000;
	6	13	0.06615	0.13027	0	176.4	235.2	235.2	0	0	1	-360	360	21.4862	8.6681	-21.1761	-8.0573;
	7	8	0	0.17615	0	56.4	75.6	75.6	0	0	1	-360	360	0.0000	-16.3800	-0.0000	16.7983;
	7	9	0	0.11001	0	124.8	166.8	166.8	0	0	1	-360	360	25.1822	5.0245	-25.1822	-4.3823;
	9	10	0.03181	0.0845	0	255.6	340.8	340.8	0	0	1	-360	360	5.5314	4.1891	-5.5177	-4.1528;
	9	14	0.12711	0.27038	0	48	63.6	63.6	0	0	1	-360	360	9.3980	3.8566	-9.2808	-3.6073;
	10	11	0.08205	0.19207	0	156	208.8	208.8	0	0	1	-360	360	-3.3039	-1.4010	3.3134	1.4233;
	12	13	0.22092	0.19988	0	38.4	50.4	50.4	0	0	1	-360	360	-5.6434	-1.7413	5.7159	1.8069;
	13	14	0.17093	0.34802	0	85.2	114	114	0	0	1	-360	360	3.7945	0.9691	-3.7705	-0.9203;
	4	7	0	0.20912	0	41	55	55	0.978	0	1	-360	360	25.1822	-9.9429	-25.1822	11.3555;
	4	9	0	0.55618	0	24	31	31	0.969	0	1	-360	360	14.4310	-0.7279	-14.4310	1.7785;
	5	6	0	0.25202	0	116	154	154	0.932	0	1	-360	360	39.6793	12.6781	-39.6793	-9.0328;
];

%%-----  OPF Data  -----%%
%% generator cost data
%	1	startup	shutdown	n	x1	y1	...	xn	yn
%	2	startup	shutdown	n	c(n-1)	...	c0
mpc.gencost = [
	1	0	0	10	37.9649607	9706.86274	61.018308	17694.7514	84.0716553	27895.9313	107.125003	40310.4024	130.17835	54938.1646	153.231697	71779.2181	176.285045	90833.5627	199.338392	112101.199	222.391739	135582.126	245.445087	161276.344;
	1	0	0	10	48.1482664	353.162815	60.298743	435.02362	72.4492197	520.863409	84.5996964	610.682183	96.750173	704.479941	108.90065	802.256684	121.051126	904.012411	133.201603	1009.74712	145.35208	1119.46082	157.502556	1233.1535;
	1	0	0	10	5.80178827	3409.77768	14.3237965	4639.70192	22.8458047	5876.74931	31.3678129	7120.91984	39.8898211	8372.21352	48.4118293	9630.63035	56.9338375	10896.1703	65.4558456	12168.8335	73.9778538	13448.6197	82.499862	14735.5291;
	1	0	0	10	11.4610935	148.906998	22.4657804	203.163029	33.4704673	257.869865	44.4751542	313.027508	55.4798411	368.635956	66.484528	424.695211	77.4892149	481.205271	88.4939018	538.166138	99.4985887	595.57781	110.503276	653.440288;
	1	0	0	10	0.31982867	295.865088	9.18926776	1913.6085	18.0587069	3842.03083	26.9281459	6081.13206	35.797585	8630.91221	44.6670241	11491.3713	53.5364632	14662.5092	62.4059023	18144.3261	71.2753414	21936.8219	80.1447805	26039.9966;
];

%% bus names
mpc.bus_name = {
	'BUS-1       ';
	'BUS-2       ';
	'BUS-3       ';
	'BUS-4       ';
	'BUS-5       ';
	'BUS-6       ';
	'BUS-7       ';
	'BUS-8       ';
	'BUS-9       ';
	'BUS-10      ';
	'BUS-11      ';
	'BUS-12      ';
	'BUS-13      ';
	'BUS-14      ';
};
